idPhase nomPhase x1,y1,z1 x2,y2,z2 [x3,y3,z3,...]
A decollage 0,0,1000 500,0,1000 1200,400,1000
B premier_virage  1200,400,1000 1300,450,1000 1400,500,900 1400,550,800
C eloignement 1400,550,800 1400,850,0
D second_virage 1400,850,0 1400,900,-100 1300,950,-200 1200,1000,-200
E vent_arriere 1200,1000,-200 -1000,1000,-200
F troisieme_virage -1000,1000,-200, -1100,1000,-200 -1200,1000,-100 -1200,1000,0
G etape_de_base -1200,1000,0 -1200,1000,800
H dernier_virage -1200,1000,800 -1200,950,900 -1100,900,1000 -1000,850,1000
I finale -1000,850,1000 100,0,1000
J atterrissage 100,0,1000 1000,0,1000 
K remise_de_gaz 100,0,1000 1200,400,1000
